50530
51354
50701
50665
51336
50974
50807
50344
50956
51217
51269
51128
50668
50741
50655
50215
50485
51224
51155
50168
50377
51184
50985
50383
51488
50106
51607
51079
50385
50435
50700
50523
51201
50779
51028
50050
50443
50477
51275
51467
50310
50373
50750
50157
51585
50037
51192
51484
51182
51169
50618
50822
51266
51210
51211
50007
51074
50789
50491
50359
51185
50489
50321
51225
50814
50337
51213
50129
51227
51240
50405
51278
50979
51248
51221
51563
50695
51110
50158
51113
50562
50109
50334
50626
50738
50573
50742
51250
51583
50576
50647
51148
51054
50693
51338
50282
50824
51152
50194
50705
50417
51084
51058
50606
50197
51163
50962
50116
51040
51580
51291
50008
50685
50005
51365
51326
50801
50501
51096
51017
51186
50616
50019
51026
51263
50343
50514
51081
51468
51100
50736
51095
51349
51473
50775
51463
50253
50652
50043
51101
51082
50397
50123
50126
50156
50204
50308
51216
51114
51034
50166
51294
50404
51104
51237
50119
50011
51363
50287
51226
50614
50381
51238
51097
51489
51050
50013
50987
50313
50960
51195
50311
51024
51346
51086
51168
51343
50518
50217
50698
50613
51122
50659
50280
50660
50379
50439
50986
50794
50190
50815
50017
51083
50754
50047
50242
51234
50249
51312
50643
51183
51469
51222
51202
51359
51576
51051
51274
50972
50786
51146
51173
51149
51021
51295
51471
51116
50469
50317
50494
50146
50739
50753
50353
50525
50621
51362
51329
51300
51203
50399
50029
50312
50200
51127
50446
50984
51268
51304
50206
50347
50733
51061
50453
50444
50182
50442
50022
50216
50694
50133
50619
50294
50425
51052
50561
50983
50059
50143
50977
51130
50551
50564
50422
51301
51218
50148
51280
50666
51239
50026
50145
51565
50737
50318
50105
51321
51010
50048
50799
51229
51316
50503
50268
50782
51302
50412
50054
50056
50743
51358
51487
50994
51001
50170
51188
51461
50298
50990
51328
50419
50285
50408
51257
51480
50563
50784
51003
50704
51041
51258
51490
51236
51347
50149
50322
50272
51481
50728
50202
50569
51000
50232
50160
50555
50965
50663
50403
51121
51331
51059
50611
51181
50207
51298
51350
51177
50004
51070
51361
50757
50625
51582
51015
50046
51196
51273
50375
51089
50335
51493
50486
51161
50731
50209
50189
50793
50349
51570
50751
50196
50961
51109
50367
50560
51277
51464
51167
50235
51117
50388
51345
50188
50723
50296
50314
51561
50159
50030
50264
50104
50617
50150
50624
50955
50732
50780
50520
51038
50040
50273
50187
50426
50233
51072
51230
51067
51314
50566
50346
51292
50038
51107
51060
51180
50628
50292
51492
50724
50239
50041
50277
50382
50237
51558
51055
50015
50645
50447
51335
51126
51013
50798
50498
50290
50970
50245
51220
51460
51033
51569
50785
50009
51193
50483
50102
50114
50134
51370
50362
50380
50748
50552
51332
50556
50796
50964
50124
51178
50263
50669
50434
51357
50112
50415
51139
50783
51256
51325
51156
50366
50747
50722
50365
50726
50315
50049
50185
50169
50265
51262
50284
51056
51008
51567
50193
50812
50039
51573
50035
51215
51138
50481
50025
51353
50267
51577
50252
50413
50023
51187
51486
51011
50792
50727
50651
50324
51369
50113
50201
51118
51042
50699
51064
50163
51360
50271
51581
50466
50608
51339
50276
50781
51482
50735
51260
50524
50612
50042
51006
50531
50511
50024
50605
50988
50967
51564
51308
50352
51076
50027
51012
51098
50642
51023
51198
50214
50622
50529
50968
51103
51578
51049
51063
50646
51027
50118
51112
50609
50682
50391
51342
51341
50205
50821
50755
50575
50371
51044
50195
50164
50406
50966
50250
50976
50690
50623
50702
51207
51219
50010
50817
50505
50740
51465
50411
50488
50577
50305
50044
50644
50300
50823
50283
50772
50279
50688
51131
51572
50553
50360
51025
50055
50572
50500
50777
51134
50354
50302
50020
51557
50117
50410
50509
50607
50357
51340
51137
51333
50016
50115
51264
51199
50997
51251
50186
50493
50103
51069
50341
50601
50407
50954
51334
50135
50331
51165
50278
50818
50952
50032
51136
51132
51255
50448
50234
51214
50795
50711
51020
50773
51483
50610
50570
50286
51179
51249
50654
51344
50266
50301
51036
51094
50363
50316
50006
51171
50319
50376
51373
51293
50574
51153
51164
50603
50627
50957
51048
50372
50973
50058
50259
51272
50653
50989
50342
51470
51584
50260
50778
50183
51356
50370
50031
51014
51002
50387
50161
51172
50333
50289
50686
50826
50339
51485
51151
50171
51085
50816
50510
51315
51223
50418
50687
51466
51075
50236
50707
51579
50820
50240
50998
50288
50199
50390
51323
51007
51039
50358
50825
50776
50122
50110
51068
